[__def_unsaved]
__coloradjust=1.00000000 0 0 0 256 192
param12=0
param14=0
param15=0
param16=0
param18=4
param19=43
param2=4
param20=4
param27=0
param30=5
param6=0
param79=3
param9=0

[Default_6.0]
__coloradjust=1.00000000 0 0 0 256 192
param12=0
param13=4
param14=0
param15=0
param16=0
param17=2
param18=5
param19=43
param2=4
param20=3
param22=100
param24=1
param27=0
param29=3
param3=1
param30=5
param4=3
param6=0
param79=3
param80=1
param9=0

[Default_7.0]
__coloradjust=1.25100000 0 0 0 256 192

[Reapertips Theme]
__coloradjust=1.00000000 0 0 0 256 192
param12=0
param14=0
param15=0
param16=0
param18=4
param19=53
param2=4
param20=4
param22=100
param27=0
param30=5
param4=3
param6=0
param79=3
param9=0

